3 845632179732918654196745328683574912457291836219863547361429785574186293928357461 1.020000
3 832456791957182463416973258679541832523768149184329576761834925295617384348295617 1.031000
3 495618237726349581318725469572894316643571892189263745837956124264187953951432678 0.842000
3 256831749837649512194725386641587923725193864389462175978254631562318497413976258 0.928000
3 325867194681495327794321568539614872268739451417582639153978246942156783876243915 0.970000
3 361725948987413256254869137876934512523186794419257683645371829738592461192648375 0.979000
3 857261394312495786964378215195734628728956143643182579581647932479523861236819457 0.895000
3 361725948987413256254869137876934512523186794419257683645371829738592461192648375 0.917000
3 893275146657941328142638597971584632468329751325167984536412879714893265289756413 1.022000
3 172854396468193275539726481914672853657389124823415769385261947246937518791548632 1.038000
3 857392416214856379936147285568429137492731658173685942321568794645973821789214563 1.824000
3 359481762764923851128567349215678493473259186896134275942716538681345927537892614 1.132000
3 125649378834715296697382415746953182359821764281476953573298641468137529912564837 0.942000
3 841365792736294815529187634285671349697432158413859267172543986358926471964718523 1.157000
3 361725948987413256254869137876934512523186794419257683645371829738592461192648375 0.958000
3 238467915415293678796851234973548162624139857851726493587912346162374589349685721 0.907000
3 312865947657934182894172563246791358135486279789523416478319625523648791961257834 1.043000
3 271839546469275813835164792342917658658423971917586234123758469796342185584691327 0.872000
3 672841359495763281381952674813697425526314798749528136267189543138475962954236817 0.893000
3 362794185518623794497185236859462371146837529273519468935248617781356942624971853 0.936000
3 675948213328165974149732568291357486486291735537684129814523697952876341763419852 1.075000
3 384729156125346978796581423417693582862415397953872614231967845649258731578134269 2.339000
3 987521463463978512215346987341769258726835194598214376132657849874192635659483721 0.888000
3 953781624627394518841256937364518279295637841178942356419823765536479182782165493 1.344000
3 149725683826431957573869142385197264914256378267384591758912436492673815631548729 2.862000
3 197384562852671934463952871589713246634298715271465398315847629746529183928136457 1.486000
3 927136845641985723835472691364759182258614379179328564493567218586291437712843956 5.912000
3 972863541618745923453291687549128736821637459736459218295386174184972365367514892 0.896000
3 852716943197843652463925187278634591645179328931582476786491235314258769529367814 1.220000
3 193672485462358971785914623538296714674135298219487356826741539941523867357869142 0.943000
3 345871269279653184861429537197346852452718396683592741738264915516937428924185673 1.004000
3 785924631924163587631578249843692715159387426276451398468739152397215864512846973 1.232000
3 132649785758213649964785123543897216276531894891426537619378452327154968485962371 0.910000
3 294863517715429638863751492152947863479386251638512974986134725521678349347295186 0.968000
3 384567921126439785759821346563798214847312659912645873231974568495286137678153492 1.099000
3 159743862276589431348612759624978315917235684583164297435821976861497523792356148 1.200000
3 173859624298746153456231978317428569849165732625973841582694317934517286761382495 0.864000
3 947531826635824917218796453563187249894652371172349568386475192759218634421963785 0.886000
3 763128459924567831851934276418295367275643198639781542342876915186359724597412683 0.894000
3 873961425624753918951248376518694237269137584437582691382475169795316842146829753 0.898000
3 172843659958627431643519728864352197537961284219784365491238576385176942726495813 1.130000
3 846913752395742816172658934754289163983165247621437589238594671419876325567321498 0.943000
3 673815429145279836982634571419563782367428915258791364521987643834156297796342158 1.388000
3 792568143453219867861374952625893714379142685148756239284931576937685421516427398 1.041000
3 162857493534129678789643521475312986913586742628794135356478219241935867897261354 2.590000
3 792568143453219867861374952625893714379142685148756239284931576937685421516427398 1.285000
